???.###:1,1,3 1
.??..??...?##.:1,1,3 4
?#?#?#?#?#?#?#?:1,3,1,6 1
????.#...#...:4,1,1 1
????.######..#####.:1,6,5 4
?###????????:3,2,1 10
???.###????.###:1,1,3,1,1,3 1
.??..??...?##.?.??..??...?##.:1,1,3,1,1,3 32
?#?#?#?#?#?#?#???#?#?#?#?#?#?#?:1,3,1,6,1,3,1,6 1
????.#...#...?????.#...#...:4,1,1,4,1,1 2
????.######..#####.?????.######..#####.:1,6,5,1,6,5 20
?###??????????###????????:3,2,1,3,2,1 150
???.###????.###????.###????.###????.###:1,1,3,1,1,3,1,1,3,1,1,3,1,1,3 1
.??..??...?##.?.??..??...?##.?.??..??...?##.?.??..??...?##.?.??..??...?##.:1,1,3,1,1,3,1,1,3,1,1,3,1,1,3 16384
????.#...#...?????.#...#...?????.#...#...?????.#...#...?????.#...#...:4,1,1,4,1,1,4,1,1,4,1,1,4,1,1 16
????.######..#####.?????.######..#####.?????.######..#####.?????.######..#####.?????.######..#####.:1,6,5,1,6,5,1,6,5,1,6,5,1,6,5 2500
.?..??#?##????#...?:4,1 1
...????..??????.#:2,2,3,1 3
???????#???.?##:1,1,1,1,3 24
?.#???#????#???#.:2,1,4,1 3
???????##????????.:1,2,7,1,2 1
?.???????.????.:5,1,1 13
??.??#?#?.:1,4 5
??.???????????.?:4,2 15
??#.?????#???:1,1,1,5 7
??#..#??#?:2,4 1
??.##?#.##???#???:4,2,2,1 3
???.?##?#.?.?:1,5,1,1 3
?#???#????.#??.#?#.:1,6,3,1,1 2
.#?#???.#???#?#??:1,1,1,7 3
.?#?####?????###?:1,4,6 2
????.#??..????#??.:3,3 3
??#????#???.?:3,3 8
?.?.??#????????????.:4,4 18
.?????????????.:1,2,1,1,1 56
?.###?.???..:4,1 3
?.#??.??#????????:1,1,1,10 2
?##???#?#?:2,5 2
??#??##??.???##??:8,4 6
?.????????????:5,1,2 10
?..???##??#????:1,1,6,1 7
??#?.??.#.:4,1,1 2
???????.#?#???:1,1,1,6 10
.??????#????#.?..?.:1,1,6,1,1 8
#????#??#?????.????:3,2,3,2,2,1 4
?#??#????????#???#?.:1,4,4,2 10
.??.??????:1,3,1 6
.??#.?????.?#:3,1,1,1 6
???..????.?:3,3,1 2
?#?#?????.#??:1,5,2 1
???????.???#:1,1,2,1 19
???#????????#?#???:2,1,8 20
?#?#???#.????#.?:7,1 1
.#?.???????:2,1,2 10
???.????.???#?.:2,1,4 18
?#.#?#.#??????:1,3,1,4 2
??????????..#??????:2,2,1,1,1,3 35
???#?#?#??.?#??:8,4 3
###????????:3,3,2 3
??.??##?#??..#.??:1,4,2,1,2 2
?#?#????#?.??:2,3,2,1 4
??????.?#??###??:1,1,1,7,1 4
??????.???#???###:3,8 4
???##.?#?????#????:4,1,3 3
??#?#..??.??.:1,3,1,2 2
.#..?????????###?#:1,1,10 3
??.#?#?????:3,1 4
.#????#?##?:1,3,2 1
.?#?????#???????.:9,5 1
?????.???.?#:2,1,1,1 13
??#?.??.?##?#:1,1,5 3
?##????.?.#?#??:3,2,1,1,2 3
?????#???#?????.??:1,1,1,1,2,2 35
???#?#????#:4,3 2
??#???#????.?.:8,1 6
.#?.??##??.:2,5 2
??#??.?#?#???:1,4,1 3
?????..#????:1,1,2,1 12
??????#??.???:2,5,1 9
??????#.??#??.?#??:1,5,4,1 2
??#???#???##?????##?:14,3 5
??????.###?:1,3 6
???????????:1,1,3 35
??##??????.????:3,2,1,2 19
???????????.???:10,1,1 2
????.#????????#??.:2,2,6 10
#.?.??#?.??#?#??#?#:1,4,8 1
#?#???#??.?????????:1,7,1,1,1,1 15
??????..??.:4,1 7
.?#?#??.#???????:2,2,4,1 3
?.?##?.?##.?:3,2,1 2
??#????#?###?#???:2,1,7,1 6
.?#.?????????:2,5 5
??#?#?#???:5,3 1
?#??????#??#?:2,1,6 8
.??????????#:2,5,1 3
?#???.##.??:1,2,1 2
??#?.???.#???.?.?:4,3,1 3
??#??#?#?.?#?#??:7,5 4
???#?#??#?##:1,2,1,4 1
#.???.#???????#:1,1,3,1,1 10
.???????#.:2,1,2 3
???#???#.???#:3,1,1,1 7
?#????.???##???????:2,8 8
?...#?#?????#??#???:1,3,1,6 7
.????#?#?.?#:1,5,1 3
???????.??????????:1,3,1,1,1,2 125
??.#.?.?..:1,1,1 5
?.??????.??.#?#???#:1,2,1,1,5 29
??#????#?###?#?.#:1,1,1,8,1 3
??.?#????###?#???:1,5,5,1 4
#??????###?????:1,8,1,1 4
#?#??#????..??#?:1,1,6,1,2 1
???????.????#??:1,2,2,2 32
#..?????#?????##????:1,1,1,11,1 1
??.?.????.:1,1,1 17
???.??.???:2,2,1 6
???????#..???:6,1,1 4
##??#????????????.:5,4,1,2,1 1
???.?????.?###???:2,1,6 26
???.?##??????#??#:3,4,1,3,1 4
#????.????????:1,1,2,2 34
???.#?##...?:2,4,1 2
?.???.?????:1,1,1 46
?????#???.??.:1,1,4,1 8
?????#.??#?#?:6,1,2 1
??????#??.###?:6,1,3 1
????????????????.#:1,3,1,1,1,1 252
????##??..???#.#???#:1,2,1,3,5 3
??#??????##?#??:1,1,1,5 11
????#????#?:5,1 4
????.??#??.:2,3 9
?????.??????????:4,2,2,3 8
.?#????????:1,2,1 10
?#?.?#??.??:3,1 1
???????....??#.???:1,3,1,3,1 3
?.?????#??#?:1,2,1,2 8
???#??.??#.?.:4,2,1 3
..?..??#???:1,4 4
???##???????.:4,3 9
?##?#?.?????#:6,1,2 3
##?.??.#?.:3,1 1
.??#?#?????:4,1 7
?????...?.:2,2 1
.????#?.??????:1,1,1,2 24
??..#?????#??#?:2,1,1,7 1
?.#???##??????#?:7,5 2
..#?.???#?.:2,3 2
?????????????:1,10 3
?##?#??.#????#.?#?:3,1,2,1,2 2
?#??#??#?#?..:1,7 2
????#???#.?????#????:6,7 4
##??#.?##????:2,1,2,1 3
?#?.?#.?.?????.:3,2,4 2
...??#?#??:2,2 1
?.???????.??###?#?.?:1,4,2,7,1 2
?#???.?#???:2,1,5 3
.??.?.?###?:1,4 6
.??#?#??#???#??.?#?.:5,7,2 6
??####?.##???????##:1,5,2,1,1,2 6
.?..#.???#??...???:1,1,1,1,1,3 2
??##????.##?#?#?.:4,7 3
...?#???##?:2,2 2
??.?##???#?#??..??:1,2,6,1 8
????#?#?????##??#?:4,1,3,6 1
??????#?.??:1,2 10
#??.?#.##???#??:3,1,3,3 2
?##???????????.:2,1,1,1,1 35
.????????##??????:3,1,5,1 25
.??##??#??????#??:1,13 1
?#.????.???.?????#:1,3,1,2,3 6
#.????????:1,5 4
??##?????#??#??.:1,6,1,1,1 1
??.?????#?:1,1 6
???#???????#?.???#?:1,7,1,1,1 6
?##?????.??:2,2 4
???????.???.:1,1,1,1 46
..#?????#??:2,2 2
#?#????.?#?.???#?.:3,1,1,1,2,1 1
..?##????..#??##..:5,5 2
??.##????#???.:1,7,1 4
???#.#???????:1,1,4,2 4
??????##??.??###..:4,5 3
???.?#..##.????#??:3,1,2,3 3
?????#??.???:1,1,2,2 8
?#..#??#???#????###:1,5,2,1,3 3
?.#?????????:5,1,1 3
?#??????????#??????:2,6,1,2 29
?.??????.####?#?.?:5,7 2
.?#?????????:6,2 5
??###?????#.?.??.??#:1,6,1,1,2,3 1
???##.??#???:1,2,4 6
#????#??.??????:8,1,1 10
?.?#????#??.#..#.?#:1,3,3,1,1,1 5
?#??.#.???:1,1,1 4
????????????#??#?.:1,11 9
?#????.?????:3,1,1,2 9
???.??#.???????:2,1,6 4
.?#???#?.??.?#.?#?:3,1,1,1,2 8
??#??#?.#???.:2,2,1,1 6
###???.??#??#..??.?:6,4,1 4
?????##?????:4,2,1,1 3
??????#?????.?.:1,7 10
????.???##???.???:2,4,3 10
?.?##.??????:3,4 3
####???##.?#?..?##.:5,2,2,2 2
????#?##????.#??#:1,7,1,1,1 4
????#?????.#??.???:1,5,2,2,1 3
?#.#???#??..#:1,5,1,1 1
??????##?.??:1,3 9
????#???#??.#.##.:1,2,2,1,2 10
??????#??????:4,3 9
??#??#?.?????:2,2,2,1 9
.??#??###.#???##:3,3,1,3 2
..??.#???#:1,5 2
.?#??#????#?.:7,2 3
???##??#?????.:3,1,1,1 6
#.??##?#??#??#..????:1,9,1,1,1 6
?##?##?.????..?:7,1,1 7
#??.?#????.??#??:1,1,3,1,2 9
?.##?#.?????.##??:4,4,3 2
??...#???#???###?#?:1,13 2
..???#????????##?.?:6,4,1 8
.??..#???.:2,1,1 2
?????.???.##??:3,3,4 3
????#????##???.?.??:12,1 10
?????#?#???:1,3,4 2
??#???..???:6,3 1
?#.??#?????.?#??:1,4,4 3
???.??.??.#???##:1,1,1,1,6 4
????#??#?#??#????#??:1,1,1,2,2,3 10
?.?##.?.?#:3,2 1
?..?.?##?#?#?:1,7 4
?.?#??#???#???.????:1,5,1,3,1,1 3
?#?????????#?##???:1,1,1,9,1 1
#.??#??????:1,3,2 9
#?.?.?##??.?:2,1,3,1 3
????????#??#?#???..:2,6 9
???????????#??#???.?:8,1,1,1 14
#.???????.#?.:1,4,1 4
????#?#???.#.?:3,4,1 2
?.?#??.??.????:3,1,2 14
?#????????.????##?:8,1,3 12
??????.??????:5,2,1 12
????????..???.?#?:7,2,1 4
?#????#.?#??#?.???:2,2,5,1 12
#?..????????#?:2,8 2
????..???????#?:1,2,1,1,2 20
?#?#?????##.#.??:4,5,1,1 4
??????????#??:2,7 9
??#.?.?.??????##??:2,1,4,3 6
??##?????#?:3,3 4
?#????#??...#????:6,3 1
???????#?.?#???:2,1,2,3 18
#??##??#?#?.???#.:10,3 1
?#?#.?#???##.??:4,4,2 1
?.#?##????#????:6,5 2
#??#??#???#?#?:1,3,1,5 2
???#.?###?#????#.???:1,2,7,1,1,1 5
?????.???.?.:3,1,1 16
??.????????:1,8 2
??..?.?#.#?##???:2,1,1,4,1 2
.???#????#?.#??:6,1,1 3
?????.??#?????????:1,2,11 6
.?.?###???#?.?:5,1,1 2
.#?##..??#:4,1,1 1
#????#?.??:1,5,1 2
#???###?.????.?:1,5,3,1 4
#?.?#.#??????:1,1,1,3 3
#?#??.??#..#..?:4,1,1,1 2
??.?##??????:1,3,2 14
??????.??#?.??.?????:4,4,1,2 33
??.#???#??????????.:1,11,3 2
???###?#??:5,1 2
???..????#??#???#:3,7,3 1
?#???#???#?????#??.:3,1,3,3,1 8
?????????#?.#?:1,4,1,1 6
.??#????#?#?.?:5,4 3
#.?.????#???#?????#?:1,1,2,3,8 4
???.??????.?#??:1,1,1,1,4 22
???#?????.?:7,1 4
???.???????????#?#?:1,1,9,1 7
??????##?????:1,1,4 10
???.??#?????????.:2,7,1 18
.??#??##?.?:2,3 3
?.#???.??.??:1,1 7
???#.???.?..:1,1,1,1 9
?##??.?#??:4,1 2
???#?.??????#??:5,8 2
.??????????:2,7 1
?#?.?#??#??#??:2,8 4
?##?#????#?.??#?:7,1,1,1 2
##.?##???#:2,4,1 2
???#?##????##????.?:6,7 6
???????#???.?..:1,6,1 14
??.?????.#??#?????:1,1,1,1,6 28
?????????#?.#.?#??.?:1,2,3,1,4 16
????#??????#:6,2,1 3
?????#?????????#?##:1,2,1,2,1,6 3
.???????#??#?#.#??:3,2,1,1,3 7
?.????.?#?:1,2,1 4
?????.#..????#?:1,1,1,1,4 8
?.??##?.?.???????:3,4 8
?##?##?###????:6,5 1
??.??#?.??.??#??.??:2,4 4
.????#.??#???#???:2,2,9 2
?#?????..????.???:6,4,1 6
??????#.??.??:2,1,1 23
??#??????#?#??:4,1,4 9
#???.#.?#????:3,1,2,1 5
?.???#??.???#.:1,3,1,3 1
?.????.?#???:1,3 10
?#.#??#?????##?:1,1,9 2
??#??#???#?:3,3,2 4
?#????#??????:1,3 3
????#??????:4,1,1 10
??#??????###?????#..:2,12 2
###?#.??????????:5,1,2,2 20
.##??#????.?:7,1 2
?.?.?#???????.??:1,1,1,2,1 44
????#???.?#???#??.??:6,1,3,1 23
.????..???#??#??????:4,11 3
??#???..#??#????.:6,8 1
?..?#?#???????.:4,4 5
???#??????.????..:4,1,1,2 44
.?.???#?????:1,3,1 16
?##?#????#???#?????:5,7,2 12
.#??.??#????:1,1,3,2 3
???#.??.????.?#.:2,1,1,1,2 17
.????#?.??##?:3,2,5 1
?#.?????.?:1,2,1 7
????#?#?..##?:1,1,1,2 3
.????#????????#???:2,1,8,1 6
?#?.?????..??????#?#:2,1,3,1,1,3 12
???.?.????:1,1 23
?.??#?##???#??#?:1,2,7,1 1
???.??.#..:1,2,1 3
??????#.?.:1,3,1 4
?#?????#????:3,1,3,1 5
????.##????#?????:3,3,8 2
#????????.#??#??:1,6,1,3 4
??#?????#????#????:3,2,1,5,2 3
.??.??.#??.#?:2,1,2,1 2
.???.#?#?#?:1,3,1 3
??#?##?.??.??.?.???:6,1,1,2 32
??##????????.???#?:10,3 6
#???????????##?:2,6,4 3
?#??.?###?##?.:3,6 2
.??#????#???.?:1,4,1,1 6
?.#.??#????:1,5 3
?????#????##???:2,7 6
????###?.???..?????:7,1,5 6
???.????#.:1,2,1 6
?????.??.???#??.:4,1,1,1,1 8
?.##?#???#???#.??#?:1,9,1,1,2 1
?.??????##??..#??.?:6,2 3
????????????:1,1,2,1 70
???????#??????#??:6,1,2,1 11
??????.????:1,1 37
????#???.?#:2,2 2
???????.??.??.?.:2,1,1,2,1 36
?#????#?????????:1,1,7,1 7
?#.?????#??##??:2,6 2
????#.?..?????#?:5,5 2
#?#?#?????#??:8,2 2
#?#?????##??.??.?:6,4,2,1 2
??###???#?##??????.?:6,6,1,1 15
??????#????#?:1,9 5
..????#..#.:1,1,1 3
.??#??#.?.?#:3,1,2 2
?#???.#??.#.?????##?:1,1,1,1,1,8 2
?##?????????:7,1 7
#?##??#.??..???#.#:1,5,1,1,1,1 4
?#####?#?#????:5,1,1,3 1
#.#?#?##..??:1,6,1 2
#????#??.????#:6,1,1 4
?#.?????.#?####??.??:1,3,6,1,1 6
.??##????#:2,3 1
??#??#??????:3,1,5 2
?#?.??#???#?:2,7 4
.????.??##.???:3,2,2 4
?.???????#?????#??:5,8 3
?.#.?#???#??.?:1,2,3 5
?.??#?#.?.??.?????:4,2 5
.???#???????.??.:4,1 26
#????.#.###?????????:2,1,3,6 3
??#???##???.#??#..?:3,4,1,1,1 10
??.#??##????#??:1,8,1,1 2
??????##??#???#???:1,4,1,1,2 14
.???????.??:1,1,1 40
?#??..?#???#??##?:1,1,2,5 2
?##?..?#?#..???:2,4,3 1
?.??.??.?..?????:2,3 6
.???.??####.??#???:1,1,5,1,1,1 2
???.??????.??#???:3,2,6 6
.???##??##????:9,1 6
.??.?#??#????#?.?#?:1,1,6,1 2
???????.?.#?#.:2,3 6
?#?#????????????:12,1 5
??#?#??#.?#...?:7,1,1 1
?????..#???#???????:2,1,4,2 36
??#??????#??#?#?????:2,1,7,1,1 26
??#???..?#?###.??:4,6,1 6
#..#??#?#???:1,1,4,2 1
?.??#?#.????##??.?:5,7,1 2
?????.?.??#?.?##??#?:1,1,1,1,4,2 18
.?.?#?##??????:1,1,3,2 3
???????????????:1,1,1,2,1 252
??#????.??????:4,4 9
??##?#.??.????????.?:6,1,2,1,1,1 23
?.#..??#..##?:1,3,2 1
?????..?..:1,1,1 7
??????#.?#?.?#?#??#:5,3,4,1 2
????#??#???#??.#?:1,8,2,1 1
????????#??????#??:8,5 9
???.#??.????#???.:1,3,1,1,4 3
...?#????#?##?:3,5 4
.#??#?.?#??#:1,3,5 1
?????#?##?#?:2,6 3
##??????????????.???:7,3,3,2 6
???#???#??.?:1,7,1 3
#?#??#?..???###???:1,1,2,9 2
?.????###?????#?##:1,6,4 10
???.??.?#??#.??##?#:1,1,4,3,1 7
????????#???.#.:1,1,7,1 4
??????????#:4,4 3
????#??.??.??.??:5,2 9
#????#??..???.:1,3,1,2 2
?#?????#??#.?.??:2,1,1,1,2 8
.?#?#???.???????????:6,9 6
??#???.??????:4,2 15
.??#??#..???#????:3,2,6,1 1
??#??#.#????:5,1,1 3
.????.?#????:1,1,2,1 15
???.?..##??.?:1,1,3,1 4
????????.?.#:1,3,1,1 14
?#???#????.?#?##???.:7,6 4
.????????????:1,4,3 10
?.??.?????????#?:1,5,3 16
???.#.#?##???.??:1,1,5,1,2 3
..###???.??.#..?:3,1,1,1 8
????????#?#????????:1,1,9,2 35
???????.?..#?:4,1,1 7
?#??#???????#:2,2,2,2 7
???#????##?.:3,5 3
.???###??#??#??:5,2,4 1
.#?.????#.??.???:2,1,1,2,2 6
.###.##.??.??.??:3,2,1,1,1 8
?????????????..?#???:3,3,1,1,4 30
?.?.?##?##?#???##?:1,13 4
??##?#??.?.?##?????#:6,1,4,3 8
.??.???????#?##???#:1,11,1,1 2
???.?#???.????#?????:1,4 4
?????.??#?????##????:4,12 6
???#?.???#?#???#???:3,5,3 12
#??????##??.??:2,5,1 7
??#?.????##?#??:1,1,7 6
??#?##?.?#?#??:5,4 4
.????????#?.???#?:5,4 4
#?????#?????:1,5,1,1 4
.?#???????#?#?:1,1,3,2 3
#??????????????.????:3,3,3,1,3 20
?.#??#???##?:1,3,3 3
.????#??#?#??#.:1,2,4,1 7
??#?.??#???#?????.??:4,1,8,1,1 2
??..??.??.?:1,2,2 2
?#??#??.?#?:6,3 2
#?#?#???.??.??.#???:3,4,2,1,2,1 2
#???#???#??#??#.#?:5,8,1 1
.?.??#.??????:1,3,2,1 6
???##?????.???#?????:7,7 12
#.??..???#??##:1,2,1,5 2
??#??#???????:3,2,5 4
?.#??#??.?.???:6,1 4
????.????..??#?..:2,3 12
???#?????#?#??.??.??:1,11,1,2 6
??##??.?.#?#?#.?.??:3,1,5,1,1 6
.???#?????????..?:2,7 4
#?.?#??#??????.??#:2,8,1,1,1 3
?.???#???#??????#?#:1,5,1,6 5
?#????????:1,1,2 10
??###??.?#.:5,1 3
?????.???##?##????#?:1,13 10
??.??#?..#.?#:1,4,1,2 2
??#?#..#..?..?:5,1,1,1 1
??????##.#.??:7,1,1 2
?#?#.?#???.#??#????:3,3,8 2
?#..???#??#???????.?:1,1,4,3,2 2
??##..?.?#.?:4,1,1,1 1
????.???..??#?#?:1,1,1,5 26
??.?#????????##:1,2,1,6 6
????.??#???##?#???:1,12 8
?##??#??????#?#??:2,1,6 3
.??##?????????#???##:11,1,1,2 2
???????.????##?????:2,3,3,3,2 6
??????????.:5,1 10
?##..?#?#?????.:2,3,3 2
???.####?????.:1,7,1 3
.?.#???.??????.?:1,5 2
.??#??.???:3,2 6
?.???.?#?.??:1,1,1,1 9
#?#????.????.???:7,3,1 6
?#?.#???#?#?.?.???:2,2,4,3 4
?.#??.?##?:1,1,4 2
?..###??#??..?#?#?:7,4 2
#???..????????????.:1,1,1,3,2,1 31
??#???..#???#?????:1,4,3,1,1,2 1
#?#???##????:3,3,1 5
??..??.?#???#???:2,1,3 7
?#?.?.?.???#.??#:3,1,1,3,2 1
..??..????:2,2 3
????????##.?:2,4 4
????.??...#?????:1,2,5 5
?????.??????????:1,8 16
#????#?.???###????.?:3,2,6,1 20
?????#??????#???:6,3 15
???.??????##??#??#?:2,1,1,9 18
????#??.#??????.??#:1,5,4,1,1,1 2
??..??.????#:1,5 4
??#???.#???.?#.#:5,1,1,2,1 4
?.?.#???#???.?:1,1,2,5 1
.???##?????..?.?.:5,3,1 6
??#????##?????#:2,2,2,3,1 1
???###??..#???:8,2 1
??.?..?#????#:1,1,3,1 4
.#??#???...?#??#?.:1,2,2,4 1
.?#?.???.?.:3,1,1 4
?#??##????#.??#.?:6,1,1,1 7
?.??.?.??#??.?#.#???:1,5,2,4 4
.??#???##?:5,2 1
??????#?????##?:3,9 5
??..????#?.???:2,5,1 6
??.???..??#??.??:1,1,1,4,1 8
???###??.#?????:5,3 3
?..#.????.:1,1,1 7
??#????#?.#?#?????.?:4,1,1,7 1
.?#????.?#????#??:3,7 4
?.##?????#??###?????:3,8,2 6
.????.?????#???.?.?:3,7,1 14
.???#?#???????.:6,5 3
.?#..???.#.????.:1,1,2 3
..??????.???.?.?:3,1 25
???..????????????.?:3,1,3,1,2 15
??????#??##??#????.?:8,3,2 2
.#?#?????#???#.:1,5,1,3 1
?#?#????????.:6,3 5
?.#???#..#?#.?????:5,3 1
???????????.?.?#..:7,1 5
??????#.???...?:5,2 2
???#???#?#???.#?#.:1,1,6,1,1 7
????.#????##?????:1,1,7,1 24
?.#?..?#??:2,3 2
.??#?#.#.#????:3,1,1,4 1
#.#.?????????.??.:1,1,6,1 11
?????.?.?????#?:1,5 13
?##???#??##?#??#?#??:4,5,2,4 2
?????#????#:2,2,3 5
??????.#?.?:3,1 4
.??????#?..?????????:1,5,1,1,3 30
?.??????#???:1,2,3 13
?.#????.?##??#?#??:1,1,2,6,1,1 2
?.??#?#?????#?.?:1,9 2
??????????.?.:2,3,2 4
#....?.???#?#???#?:1,11 1
.????.?#???????..:4,1,1,2 6
??##???#?????##?:7,5 4
????#?????##???##..:1,3,8 6
???.?#.??#??#:2,5 1
?#?.???#?#??:1,6 3
??.?.#????.:1,5 3
????#????#?:3,3 5
..?#???..#.?.:5,1 1
.???##?###???#?????:5,8,2 2
??#?.#???.#????:3,1,1,2,1 8
?????#??#????????:5,1,3,1 13
???.???.?#????#???#:1,1,4,4,1 11
.##?#?????#?.#:7,2,1 2
?####??.?.?.??##???:5,1,5 17
.#????????:1,4 4
.???????????:2,1,1 56
?#????#??##??:4,1,2 2
?#??.?.#.#?#?#?#?#?.:2,1,1,1,10 1
???#???????.??#:6,2,1,1 7
??######.????.#:8,1,1 4
.??#??#?#???##?.??:6,1,4,2 2
##.?????..?:2,2,1 7
????#.?.?#????:4,2 2
?#??????##.:1,4 1
.??.?.#????.??:1,1,2,2 10
???????##.:1,1,2 10
???#?#.??.?#:3,1,1 3
?#??##???#?:7,1 2
???#?#???.??????.?:6,1,1,1,1 58
??????#.??..:6,1 2
????#?#..??##?.:5,1,2 2
?????.????????.?:1,1,1,1,5 3
#??#??????.##??:2,1,1,1,4 6
.#####.#????#:5,6 1
##?##???.?#?????#?:7,4,3 3
??????#???#??.???:8,3,2 6
.??#??.????????:1,1,3,2 13
??..??#???#????.:2,4,3,1 4
.???.?##??????#??:2,11 4
.??.???#?.?#.?:2,2,2 3
?.??.??.?.:1,1 13
#?.?#?.?#???#??:2,3,3,2 3
??..#???#?:1,2,3 2
#?#?#????????:1,1,5,1 3
?#?.??##.?##..:2,3,2 2
?...#??????.?:1,1,5 1
????.??#?#?????.??:4,1,4,1,1,1 2
????#??????.?#?#???:3,3,1,4,2 4
?.?#??##.??:6,1 2
#?.?????#?#..?#??#??:1,8,2,3 3
????##.?#?##??#?.?:4,8 2
#????#?.#.????#.?:1,5,1,4,1 1
???##????#????:1,3,3 9
#?..##?????????:2,6,2 3
.#.????????..?#?:1,2,1,1,2 20
.??#???#??#.#:1,1,5,1 1
#???#??#???#?.?:9,1 1
???.?...??????????:3,1,9 2
?.?#?#.????:1,4,1 4
???????##?.:1,3 11
????.##???#.?:1,2,3,1 5
#.?#?#????.?.?#:1,3,3,1 1
.????...?#?.?:2,2 6
???????#??.:2,2 9
????.???##??:2,5 9
.??...##????..?:1,5 2
.????.?..?.:3,1,1 2
##?????#####?##.?:4,9,1 1
?#?.??????#??:2,1,1,1 22
?#..?????????#?.:1,5,2 7
#?#?.???.???#??:1,1,1,1,2 11
?.????#?##??#?????:1,10 11
.??#?#.??.???????:3,3,3 1
??????##???????.????:2,10,1,1 22
?.?##?###??#.?.??:1,10,1,1 2
?????.#??#?#????.:5,1,4,1 5
.????#.??.??????#:3,2,4 2
?#???##?????#.:8,1,1 3
?????#..??:1,1,2 5
.?##???.#..:3,1,1 3
.?#...????:1,3 2
??????.#??##??#:1,2,6,1 6
?.?#????.?#.#?#:1,1,3,1,3 1
#?????##????.??:1,1,2,2,1 12
#????#??..#????.???#:2,3,1,3,1,3 1
?????#???##:2,1,3 3
?.???.???##?#?:1,6 9
#?#?.?#???:4,2,1 3
??.??#??.#?:3,2 3
?##?.???#???#.#?????:3,1,6,1,1,2 2
#??#???#?????#:1,6,1,2 3
???#.????.??.:1,1,1,1 28
?.##?#???.?:2,4,1 1
????#??.??.??.:4,1 13
????###??#?#?????#??:11,7 1
.???#??#??????#:4,1,1,1 11
#???##???.:2,3,2 1
??##.?#?#???????#?#:2,14 1
?.?#??????????:4,3,2 4
???.#?????:1,4 4
#?.??.?????##??:1,2,4,2,1 1
.??#??#.?#.???##???:1,2,1,1,5 7
#.?????##?###..:1,1,9 1
???.??????##??.???#.:3,1,6,4 6
.????##?.?????:7,1,1 6
??????.???#?#?:2,6 10
????????.?#?.?:5,1 4
.?#??.?????.??#?##?:2,4,6 8
.#?.?????????#??#?.:1,9,1 2
???#?##?#????##?..?#:2,4,1,1,4,1 1
#.#??##?.?????#?#?#?:1,1,3,1,1,7 2
??.??.??#.:1,1,3 4
??.#?.?#????#.:1,2,7 2
?????????????#???:2,1,1,8 15
?#???????#?#??:7,1,2 2
?#??.???#????##???#?:4,1,8,2 6
??#??...#???:1,1,4 2
?.???????#?????#?:1,3,4,1,2 15
?#??#?#??.?:2,1,3 2
??##?##??.?.#?:7,1,1 4
??????.??#???:2,2 11
##?.?#.?#?#?:2,2,1,2 1
?.????##?#????:1,2,5,1 7
??#?#??#?.:5,2 3
??????#??#?##??????:1,1,2,11 3
??????#?#????????#??:12,2,1,1 3
?#..?.????##?.?:2,1,4,1 5
.?#???????.##???..#?:3,4,3,2 3
#####?.?.??#?:6,1,3 2
??#???????????:2,1,2,1 55
???#?.??#???:1,4 3
???..??????#.:1,3,2 6
?.??##??#?#?.#:1,1,7,1 1
??##?#??.?.?.:8,1 2
????????.##??#.??:1,5 8
?????#??????.:1,3,2,1 9
??????????#??????#?:4,3,1,1,1,2 12
.???#?????#????:3,7 6
??#??.?##.:1,3 1
????#?????#???:10,1 3
.?????##?.???##?:1,1,3,1,2 8
?????????#?:1,1,5 9
.?#?????.#???????:7,6 1
#??.?#.#?.?###???.:1,1,1,1,5,1 1
#??#.?#??##???.??#?.:1,1,5,1,1,2 2
?#??#.?###???..????:2,1,6,2 12
?#?????.#?.#????.:6,1,1,1 6
#??#??????.??????:9,2 5
??????#????#??.?:7,3 9
.????#????.:1,4 6
#??#?.??#?#?:5,4 2
???#?#.????????:1,3,1,1,1 40
??#??#??#??##??:1,10 2
##?##.?.#?.??:5,2 1
.????.?#??????..:1,5,1 12
????#??#??:4,1 3
?????.?..#????#????.:1,1,1,1,8 8
?????.??##???:3,6 6
????????#????#??.:11,2 3
??#?..?###??..?:1,3,1 2
.?#??.?#?#???.#.:3,6,1 4
??#.#?.?????#?:1,1,4,1 1
?###?????##:6,3 2
.??.?.???#????#??:2,1,2,4 12
??#?#?#???#?.??#?:10,4 2
?????#??????:1,1,1,1 40
.#?.??????:2,1,1 10
??.???????#??#.#?:1,1,2,5,1 6
.??????..?.#????.?:1,1,2,1,3,1 3
##?..?.##????:2,1,4 1
#.?.??????#?##.:1,1,1,5,2 1
?.????.???#:1,2,1 9
#???#.#.#..##.#?????:3,1,1,1,2,6 1
??######.?????:6,3 3
.???##..?###?????:3,8 2
..?##????##?:5,2 2
????.????#???:2,1,4 22
????#?????.:1,2 8
.???.?????.####:1,4,4 6
.????.??#.???#?:3,2,5 2
.???.???#?:2,3 4
?##???????.???#:8,2 2
???#???###.:6,3 1
.???????.?:1,1,1 25
.#?.##??????????:1,7,2 3
#..????#?#?#??##?:1,1,8,2 1
??#??#?????#:8,1 3
?#???.?????.:4,5 2
????????##?.?:1,3,4 4
#????????#?....:1,4 2
?##?..????#????#:3,10 2
??##????#.?.?#.??:4,4,2 1
?.?.?.??##??:1,1,1,5 2
.#?###?#??#??#???:10,3 2
???##?.?#??##??.:5,7 4
.##??.???#???.:3,3 3
.???#??#?.???:6,1 6
.?????????:3,5 1
.#?#????#?#.:4,1,1,1 1
???.?#????###??#.?:1,1,3,4,1 4
#????#?.#.??..??:1,5,1,1,1 4
#??.#?.??????..:1,1,2,6 1
??#?????####?????.??:1,1,8,1,1,1 8
.??##?..?.:4,1 2
#???????#??:1,8 2
?#???#???#???..?.#?:13,1,1 1
?##?.?.#?#?:3,1,3 2
.??????#?.??:4,1,1 4
??.????###???#?.:1,8 9
#????????????#?.?#:2,2,7,1 5
???##??#?#???????#:1,2,2,1,5,1 2
.?#?????.?:1,3 2
.?###?##?##.??????:7,2,2 5
.#??#.?#.?:1,2,1 1
.????#.???:5,1 3
.????####?#?.#?.#.?:1,1,7,2,1,1 1
.?..??.??????:1,1,4 9
?#?.??..?.?:2,1,1 10
####?..??????????##:5,2,1,2 21
#?#.#???????:1,1,1,4 3
???#????###.????????:1,4,3,1,1,2 30
?#?????.?#????.?:5,3 4
????#??????#..#??:1,2,2,2 7
.?#????##????.??.#?:8,1,1,1 11
?#??.????#?#.?:2,1,7 1
?#?????.???#?:1,1,4 8
?????##?????#?.:5,4 5
.??????#?.:2,1,1 3
#???##???#??.#?:2,4,1,2 2
?##?##???.?:6,1,1 3
?.???#????#??#.:1,5 1
?#??#?????????:1,3,1,1 25
????#??.##:1,1,2 4
.?#??.????#?:1,5 2
??#?.#??????.????:2,6,2 6
.??????#???#:1,3,1,2 1
????.?#?##.?????#??:1,1,4,1,3 27
??#?#????.??#?#????:1,1,1,9 4
???.??#???????#:2,3,1,1 25
??????.????.?#:3,1,2,1 13
..?????????:1,6 3
?#????#????..:2,1,2,2 5
?####???..#?#?:7,3 2
??#.?.??#?.?:1,2 2
#??????#?##.:1,9 1
???##?????????#.???:12,1,2 4
??##??????.?????.??:3,3,1,1 91
???.#??###??##.:1,7,2 3
??.#?#????.??#.:1,4,1,2 4
???????##???##???:1,10 18
??.??#??#??????:6,4 3
????#???.##??.???#:4,2,4,2 1
.???.??.????##??.##?:1,1,4,3 52
##..#?????#??????:2,9,1 3
#????#????.?.????:1,8,1,1,1 3
.?##????????????:5,2,3,1 5
.#???????##??#?.:1,8,1 2
.??..?.????#??:1,1,1,4 6
.?????#.???#?..?.??.:5,3,1 6
..?#?##??#???#???:9,5 1
??#?##???##??#?..#:2,10,1 1
?.#????.??##??:2,5 2
#????.????????:2,1,1,1 62
?#?.?.?.???????:3,1,1,1,2 18
.#.???????#???:1,8,1 3
.?#?#???#????:2,1,6 2
????#????.#??:2,1,1,1 14
.#?#??#.#???#?##?:4,1,1,7 1
????#??.#?.??#?:6,2,2 4
.?#????#????.:3,2,1 10
.???.#???.?:2,1,1 7
?##?#?#???#?.:2,3,3 2
##???#??#?#.:2,4,3 1
#????.??#?#???.:3,4 2
????##??#..?#.:5,2,1 1
????????.?#?????#?:5,2,3 16
.#?.?.??#?:1,1 1
.?.?...?##?#.?:1,1,3,1 1
#?.????????:1,2,2 10
..??????#????.?:1,2 11
????.??###.?:1,3 5
###?#?..?#:5,2 1
?.#???????#??.:2,3,3 3
?.????.#?????.??.#:1,2,1,2,1,1 33
?#..##?????:1,6 1
.??#?????.??????:1,1,2,1,2 29
??.?#???#???##??:2,2,6,1 2
?#?.#?#?##??#:2,9 2
?.????.?#?.:1,1,3 7
?#?#?????..?:5,1 7
##??????#???:3,2,2,1 4
??##?#??#???##??.?:14,1 4
?#????#?.???.:3,1,2 5
????????????:3,1,2,1 15
.????.??.????#?#??:1,1,1,7 29
?.#.????????:1,1,4 11
??????????????:4,3,1 35
????#????.#???.:1,7,4 1
?#?#??##???##???.??:8,6,2 3
??###?#.??#?.????...:1,5,3,1,1 6
?..?#?#????.??:7,1 4
???#?..??#.?????#?:1,1,2,1,1,2 8
??#???#.??#:7,1 1
.?.?????#??##????#?:1,1,8,1 14
#???.?.?????????#??:3,12 1
#??##.??.?#?###???#:2,2,6,1,1 1
????????.??????..?.:1,2,3,1 120
#???#?#?##??.##??#??:2,7,5 2
????.?????#????????:1,2,1,3,7 2
#???.????#???#?:4,8 2
????###?#?##??:2,9 3
????#??.???.?:5,1 13
????.??#?#??????#?:1,11 9
?#?#?#???##???##:1,5,3,2 1
??#?#??#?#...??:7,1 1
?..??.???##??:1,1,1,4 6
#.?????#?.:1,2,1 3
?.?#??.?#?#??:3,3 2
??.??.?#??.?:1,2,1,1 8
????.?..??#???.:1,1,4,1 7
??#????#????????:4,5,3 10
?????#??.?#?.???#:7,3,1,1 4
?.???????????##?#:2,1,1,6 10
?#?.##.???:1,2,2 2
??.#???#?##??...???:1,8,1,1 9
.????????.???:7,1 6
?????.?????##?#??#?:3,2,9 9
###???#??##???:5,6 1
?#????#??????????:2,1,8,1 9
#??.#???????:2,3,3 2
.?#?#?????.?:3,1,1 7
?###???.??????..?:6,1,1,1,1 8
??#??????##?.????:11,1 8
?.?#?##??.???#???#.:1,7,1,2,1,1 1
??.????.#??????#??.:2,2,1,2,1,1 16
#.?#????##?????#?#?:1,1,6,1,1,1 3
..#???#??#?:1,6 2
?.#?..#.?????..:1,2,1,2,1 3
??.???#??#??:1,1,1,1 8
?????#?????#???.?##?:5,1,3 10
.?#.?????#:2,2,3 1
.???#?#?..?????.?:6,5 2
#.##??##??.?#?????#:1,2,5,1,1,3 1
??#??.????#?#?#????#:2,11,1 4
..??????#?.?:1,1,2 9
??.###???????.?..:7,1 3
?????.?.??#??.?.?#:1,2,5,1,1 3
.???#??????##?:1,4,1,3 5
.#.????????####.?:1,4,6 2
?#????#?##??##?.?#:1,7,2,2 2
??.?#?????????##?:2,1,1,2,3 22
???????..??????:4,1,3 24
?.??.#?????????.?:4,2 4
.?..?#?##??..#.?????:1,7,1,2,1 3
?#?..???#?##?????:2,7 8
???.???#????#?.???:3,1,7,1,1 3
?#????????.#????:6,1,2,1 10
????#????#?#??#?#??.:5,10 9
..??#??##???:1,1,2,1 2
??.#???????.:2,2,3 3
????.??###.???:1,1,5 3
#??#?#???#??????:1,1,1,3,1 12
?....##???.???#???#.:1,3,1,8 1
?.?..??????#????#.??:2,8 2
.???#????##??????:2,4,7 1
#??#.##?#???:1,2,6 1
??.???????????#???.#:1,1,5,5,1 21
.?????????.?#?:1,3,2,1 4
???.?#????#???#????:1,2,8,1 27
?#..#????.:1,2,1 2
??#?.?#???#????.?:4,1,2,1,1 6
#..????#????#??????:1,2,1,3,1,1 26
??#?.??#????????##??:3,6,6 12
?.?#??????:1,1 6
?????????#????#?#?:3,1,1,1,1,1 24
??..#??????..#.?:4,1 1
???.?.#????##???:1,1,8,1 4
?#????##?.???#:7,1 1
.???###?###????.??:10,1 14
?##?#?##?#?.????#?:4,5,1,1,1 1
?#?##?..??###?#.???:6,7,1 3
#???#?###??????.???#:9,1,1,1,1 13
?.??..????:1,1 17
.#???#????:1,6 2
???#.???#??#:1,1,1,4 4
?.?#???.??##???#??.:1,3,1,7,1 1
..?##?.?.???...:3,2 4
????.??????#.??.?:4,1,1,1,1 29
?..#?#.##.:1,3,2 1
.???##.??.####?#?:1,2,1,4,1 4
?..###?#???#??????:1,5,2,1,1 9
?.?###??????##?.?:4,3,4 1
.???#???.?#:4,1 4
?##??..???##:3,4 2
???..#?#?.????:1,4,4 3
..##??##????.:6,1 3
.???#?????#??:5,1,1 7
??.????#?#???#?:1,7,1 7
.????#?.?.#???:4,2 2
???.?????#?.??.?.?:1,5,1 28
??#??..???????.?.?:4,2 12
.#??#?##?????.:7,2 3
.?#?.#?????:1,5 1
.##.#?.#???:2,1,2 1
????##????:1,4,1 10
?#??#????#????.?:10,1 7
.?.???.?#?????#..:1,7 4
#.??.?##..?.?:1,1,2,1 4
?#?.?####?#?????.???:3,11 2
..#?###??.#.???.?:1,5,1,1,1 4
###???????.?:3,1,1,1 14
??#??.???###??#.??:2,8 2
?#???###??????.:10,1,1 1
?#????#????.#??#.??#:1,1,1,2,4,1 4
.??###?#?.???:1,5,1 3
???#.???###??#???#?#:1,1,15 2
#??.?.#????:3,3 1
?#??????.??#????:3,1,5 23
?????????#?:1,1,6 4
?#???.###??????#?.?:5,3,2,2,1 5
?...??.???#:2,1,1 2
?..???#?#?:1,1,1 3
.#????.?#?####??.:4,7 2
???#??.??#???:6,3,1 3
...#?#.?##?.:3,2 1
.#.??.?#?.??.#.:1,1,2,1,1 8
???..???#?###.?:1,8 3
??#???.????:2,2,3 2
.?.????#?#?#??#????:10,1 7
.??.?.??####?:1,7 3
???..#??.??:1,2,1 6
??.?.##????:1,4 3
.???.##??###???.?..:1,10 3
?.??..???.#.??#???:1,1,3,1,1,4 2
?.?.??#.??:1,1,2 4
??#??????...?#?##??.:3,4,5 6
.???#?????#??????:10,1 14
???#???????????#:5,1,1,2,1 15
????#??#?.?.??:9,1 3
?.??#??.???????#??.:2,10 2
??###?????.?#:1,6,1,1 1
??..?..?.???????#.??:1,7 4
??????#????????.?:5,6 4
.#???????.#??..#:3,1,3,1 4
?.#?#????.#??:3,1,2 3
????.??#???.?????#?:2,1,1,1,1,3 59
???#.??#?#?#?#?????:3,1,1,1,8 1
.##?????#????##??:2,1,1,6 6
?#????????##??.:2,3,4,1 3
?#???????.?:1,4 3
?.???#?????##?#?:4,4 4
??#.???????#??#??.:1,1,9 9
